0000000000000000000000000000000000000000000000000000000000000000000000000000000000000000000000000
0000000000000000000000000000000000000000000000000000000000000000000000000000000000000000000000000
0000000000000000000000000000000000000000000000000000000000000000000000000000000000000000000000000
0000000000000000000000000000000000000000000000000000000000000000000000000000000000000000000000000
0000000000000000000000000000000000000000000000000000000000000000000000000000000000000000000000000
0000000000000000000000000000000000000000000000000000000000000000000000000000000000000000000000000
0000000000000000000000000000000000000000000000000000000000000000000000000000000000000000000000000
0000000000000000000000000000000000000000000000000000000000000000000000000000000000000000000000000
0000000000000000000000000000000000000000000000000000000000000000000000000000000000000000000000000
0000000000000000000000000000000000000000000000000000000111000000000000000002200000000000000000000
0000000000022220000002222220002220002222222200000000000000000222200022220000000000333330000000000
0000000000022220000012222220000000000000000000002222000000000000000000000000000000000000000000000
0000000000022220000002222220000000000000000000000000000000000000000000000000000000000000000000000
0000000000022221000002222220000000000000000000000000000000000000000000000000000000000000000000000
0000000000022220000002222220000000000000000000000000000000000000000000000000000000000000000000000
0000000000000000000022222220000000000000000000000000000000000000000000000000000000000000000000000
0000000000000000000222222220000000000000000000000000000000000000000000000000000000000000000000000
0000000000000000000002222220000000000000000000000000000000000000000000000000000000000000000000000
0000000000000000000002222220000000000000000000000000000000000000000000000000000000000000000000000
2222222222222222222222222222200000000000000000000000000000000000000000000000000000000000000000000
2222222222222222222222222222200000000000000000000000000000000000000000000000000000000000000000000